*************
Before Fork
in int 7
continue
2
3
4
5
6
7
8
9
10
11
12
13
14
15
16
17
18
19
20
2
2000
2
2001
21
2
2002
3
2
2003
3000
2
3
3001
2004
2
3
3002
22
2005
3
3003
4
2
2006
3
4000
2
2007
3004
3
4
4001
23
2
2008
3005
4
4002
5
2
3
3006
4
4003
5000
2009
2
3
3007
4
5
5001
2010
3
3008
4004
4
5
5002
6
24
2
2011
3
4005
5
5003
6000
2
2012
3009
3
4
4006
5
6
6001
2
2013
3010
4
4007
5004
5
6
6002
25
2
3
3011
4
4008
5005
6
6003
7
2014
2
3
3012
4
5
5006
6
7000
2015
3
3013
4009
4
5
5007
6004
6
7
7001
26
2
2016
3
4010
5
5008
6005
7
7002
8
2
2017
3014
3
4
4011
5
6
6006
7
7003
8000
2
2018
3015
4
4012
5009
5
6
6007
7
8
8001
2
3
3016
4
4013
5010
6
6008
7004
7
8
8002
27
2019
2
3
3017
4
5
5011
6
7005
8
8003
9
2020
3
3018
4014
4
5
5012
6009
6
7
7006
8
9000
2
2021
3
4015
5
5013
6010
7
7007
8004
8
9
9001
28
2
2022
3019
3
4
4016
5
6
6011
7
7008
8005
9
9002
10
2
2023
3020
4
4017
5014
5
6
6012
7
8
8006
9
9003
10000
2
3
3021
4
4018
5015
6
6013
7009
7
8
8007
9
10
10001
2024
2
3
3022
4
5
5016
6
7010
8
8008
9004
9
10
10002
11
29
2025
3
3023
4019
4
5
5017
6014
6
7
7011
8
9005
10
10003
11000
2
2026
3
4020
5
5018
6015
7
7012
8009
8
9
9006
10
11
11001
2
2027
3024
3
4
4021
5
6
6016
7
7013
8010
9
9007
10004
10
11
11002
30
2
2028
3025
4
4022
5019
5
6
6017
7
8
8011
9
9008
10005
11
11003
12
2
3
3026
4
4023
5020
6
6018
7014
7
8
8012
9
10
10006
11
12000
2029
2
3
3027
4
5
5021
6
7015
8
8013
9009
9
10
10007
11004
11
12
12001
31
2030
3
3028
4024
4
5
5022
6019
6
7
7016
8
9010
10
10008
11005
12
12002
13
2
2031
3
4025
5
5023
6020
7
7017
8014
8
9
9011
10
11
11006
12
12003
13000
2
2032
3029
3
4
4026
5
6
6021
7
7018
8015
9
9012
10009
10
11
11007
12
13
13001
in int 7
continue
2
3030
4
4027
5024
5
6
6022
7
8
8016
9
9013
10010
11
11008
12004
12
13
13002
2033
2
3
3031
4
4028
5025
6
6023
7019
7
8
8017
9
10
10011
11
12005
13
13003
14
2034
3
3032
4
5
5026
6
7020
8
8018
9014
9
10
10012
11009
11
12
12006
13
14000
2
2035
3
3033
4029
4
5
5027
6024
6
7
7021
8
9015
10
10013
11010
12
12007
13004
13
14
14001
2
2036
3
4030
5
5028
6025
7
7022
8019
8
9
9016
10
11
11011
12
12008
13005
14
14002
15
2
2037
3034
3
4
4031
5
6
6026
7
7023
8020
9
9017
10014
10
11
11012
12
13
13006
14
14003
15000
2
3035
4
4032
5029
5
6
6027
7
8
8021
9
9018
10015
11
11013
12009
12
13
13007
14
15
15001
2038
2
3
3036
4
4033
5030
6
6028
7024
7
8
8022
9
10
10016
11
12010
13
13008
14004
14
15
15002
16
2039
3
3037
4
5
5031
6
7025
8
8023
9019
9
10
10017
11014
11
12
12011
13
14005
15
15003
16000
2
2040
3
3038
4034
4
5
5032
6029
6
7
7026
8
9020
10
10018
11015
12
12012
13009
13
14
14006
15
16
16001
2
2041
3
4035
5
5033
6030
7
7027
8024
8
9
9021
10
11
11016
12
12013
13010
14
14007
15004
15
16
16002
2
2042
3039
3
4
4036
5
6
6031
7
7028
8025
9
9022
10019
10
11
11017
12
13
13011
14
14008
15005
16
16003
17
2
3040
4
4037
5034
5
6
6032
7
8
8026
9
9023
10020
11
11018
12014
12
13
13012
14
15
15006
16
17000
2043
2
3
3041
4
4038
5035
6
6033
7029
7
8
8027
9
10
10021
11
12015
13
13013
14009
14
15
15007
16004
16
17
17001
2044
3
3042
4
5
5036
6
7030
8
8028
9024
9
10
10022
11019
11
12
12016
13
14010
15
15008
16005
17
17002
18
2
2045
3
3043
4039
4
5
5037
6034
6
7
7031
8
9025
10
10023
11020
12
12017
13014
13
14
14011
15
16
16006
17
17003
18000
2
2046
3
4040
5
5038
6035
7
7032
8029
8
9
9026
10
11
11021
12
12018
13015
14
14012
15009
15
16
16007
17
18
18001
2
2047
3044
3
4
4041
5
6
6036
7
7033
8030
9
9027
10024
10
11
11022
12
13
13016
14
14013
15010
16
16008
17004
17
18
18002
2
3045
4
4042
5039
5
6
6037
7
8
8031
9
9028
10025
11
11023
12019
12
13
13017
14
15
15011
16
17005
18
18003
19
2048
2
3
3046
4
4043
5040
6
6038
7034
7
8
8032
9
10
10026
11
12020
13
13018
14014
14
15
15012
16009
16
17
17006
18
19000
2049
3
3047
4
5
5041
6
7035
8
8033
9029
9
10
10027
11024
11
12
12021
13
14015
15
15013
16010
17
17007
18004
18
19
19001
2
2050
3
3048
4044
4
5
5042
6039
6
7
7036
8
9030
10
10028
11025
12
12022
13019
13
14
14016
15
16
16011
17
17008
18005
19
19002
20
2
2051
3
4045
5
5043
6040
7
7037
8034
8
9
9031
10
11
11026
12
12023
13020
14
14017
15014
15
16
16012
17
18
18006
19
19003
20000
2
2052
3049
3
4
4046
5
6
6041
7
7038
8035
9
9032
10029
10
11
11027
12
13
13021
14
14018
15015
16
16013
17009
17
18
18007
19
20
20001
2
3050
4
4047
5044
5
6
6042
7
8
8036
9
9033
10030
11
11028
12024
12
13
13022
14
15
15016
16
17010
18
18008
19004
19
20
20002
21
2053
2
3
3051
4
4048
5045
6
6043
7039
7
8
8037
9
10
10031
11
12025
13
13023
14019
14
15
15017
16014
16
17
17011
18
19005
20
20003
21000
2054
3
3052
4
5
5046
6
7040
8
8038
9034
9
10
10032
11029
11
12
12026
13
14020
15
15018
16015
17
17012
18009
18
19
19006
20
21
21001
2
2055
3
3053
4049
4
5
5047
6044
6
7
7041
8
9035
10
10033
11030
12
12027
13024
13
14
14021
15
16
16016
17
17013
18010
19
19007
20004
20
21
21002
2
2056
3
4050
5
5048
6045
7
7042
8039
8
9
9036
10
11
11031
12
12028
13025
14
14022
15019
15
16
16017
17
18
18011
19
19008
20005
21
21003
22
2
2057
3054
3
4
4051
5
6
6046
7
7043
8040
9
9037
10034
10
11
11032
12
13
13026
14
14023
15020
16
16018
17014
17
18
18012
19
20
20006
21
22000
in int 7
continue
3055
4
4052
5049
5
6
6047
7
8
8041
9
9038
10035
11
11033
12029
12
13
13027
14
15
15021
16
17015
18
18013
19009
19
20
20007
21004
21
22
22001
3
3056
4
4053
5050
6
6048
7044
7
8
8042
9
10
10036
11
12030
13
13028
14024
14
15
15022
16019
16
17
17016
18
19010
20
20008
21005
22
22002
23
3
3057
4
5
5051
6
7045
8
8043
9039
9
10
10037
11034
11
12
12031
13
14025
15
15023
16020
17
17017
18014
18
19
19011
20
21
21006
22
22003
23000
in int 7
continue
4054
5
5052
6049
6
7
7046
8
9040
10
10038
11035
12
12032
13029
13
14
14026
15
16
16021
17
17018
18015
19
19012
20009
20
21
21007
22
23
23001
4
4055
5
5053
6050
7
7047
8044
8
9
9041
10
11
11036
12
12033
13030
14
14027
15024
15
16
16022
17
18
18016
19
19013
20010
21
21008
22004
22
23
23002
4
4056
5
6
6051
7
7048
8045
9
9042
10039
10
11
11037
12
13
13031
14
14028
15025
16
16023
17019
17
18
18017
19
20
20011
21
22005
23
23003
24
4
4057
5054
5
6
6052
7
8
8046
9
9043
10040
11
11038
12034
12
13
13032
14
15
15026
16
17020
18
18018
19014
19
20
20012
21009
21
22
22006
23
24000
in int 7
continue
5055
6
6053
7049
7
8
8047
9
10
10041
11
12035
13
13033
14029
14
15
15027
16024
16
17
17021
18
19015
20
20013
21010
22
22007
23004
23
24
24001
5
5056
6
7050
8
8048
9044
9
10
10042
11039
11
12
12036
13
14030
15
15028
16025
17
17022
18019
18
19
19016
20
21
21011
22
22008
23005
24
24002
25
5
5057
6054
6
7
7051
8
9045
10
10043
11040
12
12037
13034
13
14
14031
15
16
16026
17
17023
18020
19
19017
20014
20
21
21012
22
23
23006
24
24003
25000
in int 7
continue
6055
7
7052
8049
8
9
9046
10
11
11041
12
12038
13035
14
14032
15029
15
16
16027
17
18
18021
19
19018
20015
21
21013
22009
22
23
23007
24
25
25001
6
6056
7
7053
8050
9
9047
10044
10
11
11042
12
13
13036
14
14033
15030
16
16028
17024
17
18
18022
19
20
20016
21
22010
23
23008
24004
24
25
25002
26
6
6057
7
8
8051
9
9048
10045
11
11043
12039
12
13
13037
14
15
15031
16
17025
18
18023
19019
19
20
20017
21014
21
22
22011
23
24005
25
25003
26000
in int 7
continue
7054
8
8052
9
10
10046
11
12040
13
13038
14034
14
15
15032
16029
16
17
17026
18
19020
20
20018
21015
22
22012
23009
23
24
24006
25
26
26001
7
7055
8
8053
9049
9
10
10047
11044
11
12
12041
13
14035
15
15033
16030
17
17027
18024
18
19
19021
20
21
21016
22
22013
23010
24
24007
25004
25
26
26002
7
7056
8
9050
10
10048
11045
12
12042
13039
13
14
14036
15
16
16031
17
17028
18025
19
19022
20019
20
21
21017
22
23
23011
24
24008
25005
26
26003
27
7
7057
8054
8
9
9051
10
11
11046
12
12043
13040
14
14037
15034
15
16
16032
17
18
18026
19
19023
20020
21
21018
22014
22
23
23012
24
25
25006
26
27000
in int 7
continue
8055
9
9052
10049
10
11
11047
12
13
13041
14
14038
15035
16
16033
17029
17
18
18027
19
20
20021
21
22015
23
23013
24009
24
25
25007
26004
26
27
27001
8
8056
9
9053
10050
11
11048
12044
12
13
13042
14
15
15036
16
17030
18
18028
19024
19
20
20022
21019
21
22
22016
23
24010
25
25008
26005
27
27002
28
8
8057
9
10
10051
11
12045
13
13043
14039
14
15
15037
16034
16
17
17031
18
19025
20
20023
21020
22
22017
23014
23
24
24011
25
26
26006
27
27003
28000
in int 7
continue
9054
10
10052
11049
11
12
12046
13
14040
15
15038
16035
17
17032
18029
18
19
19026
20
21
21021
22
22018
23015
24
24012
25009
25
26
26007
27
28
28001
9
9055
10
10053
11050
12
12047
13044
13
14
14041
15
16
16036
17
17033
18030
19
19027
20024
20
21
21022
22
23
23016
24
24013
25010
26
26008
27004
27
28
28002
9
9056
10
11
11051
12
12048
13045
14
14042
15039
15
16
16037
17
18
18031
19
19028
20025
21
21023
22019
22
23
23017
24
25
25011
26
27005
28
28003
29
9
9057
10054
10
11
11052
12
13
13046
14
14043
15040
16
16038
17034
17
18
18032
19
20
20026
21
22020
23
23018
24014
24
25
25012
26009
26
27
27006
28
29000
in int 7
continue
10055
11
11053
12049
12
13
13047
14
15
15041
16
17035
18
18033
19029
19
20
20027
21024
21
22
22021
23
24015
25
25013
26010
27
27007
28004
28
29
29001
10
10056
11
12050
13
13048
14044
14
15
15042
16039
16
17
17036
18
19030
20
20028
21025
22
22022
23019
23
24
24016
25
26
26011
27
27008
28005
29
29002
30
10
10057
11054
11
12
12051
13
14045
15
15043
16040
17
17037
18034
18
19
19031
20
21
21026
22
22023
23020
24
24017
25014
25
26
26012
27
28
28006
29
29003
30000
in int 7
continue
11055
12
12052
13049
13
14
14046
15
16
16041
17
17038
18035
19
19032
20029
20
21
21027
22
23
23021
24
24018
25015
26
26013
27009
27
28
28007
29
30
30001
11
11056
12
12053
13050
14
14047
15044
15
16
16042
17
18
18036
19
19033
20030
21
21028
22024
22
23
23022
24
25
25016
26
27010
28
28008
29004
29
30
30002
31
11
11057
12
13
13051
14
14048
15045
16
16043
17039
17
18
18037
19
20
20031
21
22025
23
23023
24019
24
25
25017
26014
26
27
27011
28
29005
30
30003
31000
in int 7
continue
12054
13
13052
14
15
15046
16
17040
18
18038
19034
19
20
20032
21029
21
22
22026
23
24020
25
25018
26015
27
27012
28009
28
29
29006
30
31
31001
12
12055
13
13053
14049
14
15
15047
16044
16
17
17041
18
19035
20
20033
21030
22
22027
23024
23
24
24021
25
26
26016
27
27013
28010
29
29007
30004
30
31
31002
12
12056
13
14050
15
15048
16045
17
17042
18039
18
19
19036
20
21
21031
22
22028
23025
24
24022
25019
25
26
26017
27
28
28011
29
29008
30005
31
31003
12
12057
13054
13
14
14051
15
16
16046
17
17043
18040
19
19037
20034
20
21
21032
22
23
23026
24
24023
25020
26
26018
27014
27
28
28012
29
30
30006
31
in int 7
continue
13055
14
14052
15049
15
16
16047
17
18
18041
19
19038
20035
21
21033
22029
22
23
23027
24
25
25021
26
27015
28
28013
29009
29
30
30007
31004
31
13
13056
14
14053
15050
16
16048
17044
17
18
18042
19
20
20036
21
22030
23
23028
24024
24
25
25022
26019
26
27
27016
28
29010
30
30008
31005
13
13057
14
15
15051
16
17045
18
18043
19039
19
20
20037
21034
21
22
22031
23
24025
25
25023
26020
27
27017
28014
28
29
29011
30
31
31006
in int 7
continue
14054
15
15052
16049
16
17
17046
18
19040
20
20038
21035
22
22032
23029
23
24
24026
25
26
26021
27
27018
28015
29
29012
30009
30
31
31007
14
14055
15
15053
16050
17
17047
18044
18
19
19041
20
21
21036
22
22033
23030
24
24027
25024
25
26
26022
27
28
28016
29
29013
30010
31
31008
14
14056
15
16
16051
17
17048
18045
19
19042
20039
20
21
21037
22
23
23031
24
24028
25025
26
26023
27019
27
28
28017
29
30
30011
31
14
14057
15054
15
16
16052
17
18
18046
19
19043
20040
21
21038
22034
22
23
23032
24
25
25026
26
27020
28
28018
29014
29
30
30012
31009
31
in int 7
continue
15055
16
16053
17049
17
18
18047
19
20
20041
21
22035
23
23033
24029
24
25
25027
26024
26
27
27021
28
29015
30
30013
31010
15
15056
16
17050
18
18048
19044
19
20
20042
21039
21
22
22036
23
24030
25
25028
26025
27
27022
28019
28
29
29016
30
31
31011
15
15057
16054
16
17
17051
18
19045
20
20043
21040
22
22037
23034
23
24
24031
25
26
26026
27
27023
28020
29
29017
30014
30
31
31012
in int 7
continue
16055
17
17052
18049
18
19
19046
20
21
21041
22
22038
23035
24
24032
25029
25
26
26027
27
28
28021
29
29018
30015
31
31013
16
16056
17
17053
18050
19
19047
20044
20
21
21042
22
23
23036
24
24033
25030
26
26028
27024
27
28
28022
29
30
30016
31
16
16057
17
18
18051
19
19048
20045
21
21043
22039
22
23
23037
24
25
25031
26
27025
28
28023
29019
29
30
30017
31014
31
in int 7
continue
17054
18
18052
19
20
20046
21
22040
23
23038
24034
24
25
25032
26029
26
27
27026
28
29020
30
30018
31015
17
17055
18
18053
19049
19
20
20047
21044
21
22
22041
23
24035
25
25033
26030
27
27027
28024
28
29
29021
30
31
31016
17
17056
18
19050
20
20048
21045
22
22042
23039
23
24
24036
25
26
26031
27
27028
28025
29
29022
30019
30
31
31017
17
17057
18054
18
19
19051
20
21
21046
22
22043
23040
24
24037
25034
25
26
26032
27
28
28026
29
29023
30020
31
31018
in int 7
continue
18055
19
19052
20049
20
21
21047
22
23
23041
24
24038
25035
26
26033
27029
27
28
28027
29
30
30021
31
18
18056
19
19053
20050
21
21048
22044
22
23
23042
24
25
25036
26
27030
28
28028
29024
29
30
30022
31019
31
18
18057
19
20
20051
21
22045
23
23043
24039
24
25
25037
26034
26
27
27031
28
29025
30
30023
31020
in int 7
continue
19054
20
20052
21049
21
22
22046
23
24040
25
25038
26035
27
27032
28029
28
29
29026
30
31
31021
19
19055
20
20053
21050
22
22047
23044
23
24
24041
25
26
26036
27
27033
28030
29
29027
30024
30
31
31022
19
19056
20
21
21051
22
22048
23045
24
24042
25039
25
26
26037
27
28
28031
29
29028
30025
31
31023
19
19057
20054
20
21
21052
22
23
23046
24
24043
25040
26
26038
27034
27
28
28032
29
30
30026
31
in int 7
continue
20055
21
21053
22049
22
23
23047
24
25
25041
26
27035
28
28033
29029
29
30
30027
31024
31
20
20056
21
22050
23
23048
24044
24
25
25042
26039
26
27
27036
28
29030
30
30028
31025
20
20057
21054
21
22
22051
23
24045
25
25043
26040
27
27037
28034
28
29
29031
30
31
31026
in int 7
continue
21055
22
22052
23049
23
24
24046
25
26
26041
27
27038
28035
29
29032
30029
30
31
31027
21
21056
22
22053
23050
24
24047
25044
25
26
26042
27
28
28036
29
29033
30030
31
31028
21
21057
22
23
23051
24
24048
25045
26
26043
27039
27
28
28037
29
30
30031
31
in int 7
continue
22054
23
23052
24
25
25046
26
27040
28
28038
29034
29
30
30032
31029
31
22
22055
23
23053
24049
24
25
25047
26044
26
27
27041
28
29035
30
30033
31030
22
22056
23
24050
25
25048
26045
27
27042
28039
28
29
29036
30
31
31031
22
22057
23054
23
24
24051
25
26
26046
27
27043
28040
29
29037
30034
30
31
31032
in int 7
continue
23055
24
24052
25049
25
26
26047
27
28
28041
29
29038
30035
31
31033
23
23056
24
24053
25050
26
26048
27044
27
28
28042
29
30
30036
31
23
23057
24
25
25051
26
27045
28
28043
29039
29
30
30037
31034
31
in int 7
continue
24054
25
25052
26049
26
27
27046
28
29040
30
30038
31035
24
24055
25
25053
26050
27
27047
28044
28
29
29041
30
31
31036
24
24056
25
26
26051
27
27048
28045
29
29042
30039
30
31
31037
24
24057
25054
25
26
26052
27
28
28046
29
29043
30040
31
31038
in int 7
continue
25055
26
26053
27049
27
28
28047
29
30
30041
31
25
25056
26
27050
28
28048
29044
29
30
30042
31039
31
25
25057
26054
26
27
27051
28
29045
30
30043
31040
in int 7
continue
26055
27
27052
28049
28
29
29046
30
31
31041
26
26056
27
27053
28050
29
29047
30044
30
31
31042
26
26057
27
28
28051
29
29048
30045
31
31043
in int 7
continue
27054
28
28052
29
30
30046
31
27
27055
28
28053
29049
29
30
30047
31044
31
27
27056
28
29050
30
30048
31045
27
27057
28054
28
29
29051
30
31
31046
in int 7
continue
28055
29
29052
30049
30
31
31047
28
28056
29
29053
30050
31
31048
28
28057
29
30
30051
31
in int 7
continue
29054
30
30052
31049
31
29
29055
30
30053
31050
29
29056
30
31
31051
29
29057
30054
30
31
31052
in int 7
continue
30055
31
31053
30
30056
31
30
30057
31054
31
in int 7
continue
31055
31
31056
31
31057
in int 7
continue
in int 7
continue
*************
in int 7
continue
Machine is halting
